15
37
412
415
796
1098
1191
1252
1383
1420
1566
1624
1645
1705
1865
1868
1936
10
658
1596
1634
75
111
362
716
1005
1063
1106
1774
1893
1653
1411
1643
1658
894
752
921
1366
1804
1844
910
1066
1075
1610
57
563
577
1329
548
850
1299
896
1878
358
451
578
905
1396
669
1247
1256
1788
549
128
485
937
1955
31
1088
303
342
613
1655
1806
67
1018
626
633
1828
721
1966
1751
1135
1838
925
286
1236
353
43
166
355
426
952
1706
1782
1923
1351
907
554
853
923
992
1077
1169
1336
1542
1789
1995
1072
429
1957
214
1327
1273
746
1306
183
301
1019
1240
1908
282
363
772
138
514
1265
1378
1945
670
845
1262
1608
1680
652
838
172
534
953
1805
1603
877
1137
136
163
258
912
1337
1836
946
1660
1916
1997
65
446
623
837
1158
1231
1595
1661
1953
1987
943
269
1602
16
1449
306
1360
1715
1032
56
371
536
1417
552
1405
1663
807
481
470
758
1035
1134
1541
732
40
85
1268
1671
373
903
1044
1255
1556
1275
760
761
1719
1772
1861
1889
1558
696
1335
929
1308
1934
1958
484
1960
638
999
1874
1061
247
757
1372
315
642
927
1163
1280
1895
1925
1195
1229
1381
1423
158
395
1489
161
1703
