5
8
15
19
22
28
41
45
56
59
64
70
73
74
76
79
80
82
108
113
116
118
121
123
130
131
135
139
141
150
151
155
158
160
165
167
168
170
171
173
176
178
182
183
184
188
193
223
227
239
247
251
254
255
264
277
280
281
283
290
302
305
306
316
321
332
333
336
337
344
352
354
358
361
369
372
388
392
398
400
403
408
410
411
413
434
438
445
450
453
454
461
464
476
482
483
484
490
498
501
502
505
506
512
524
530
538
543
551
555
558
562
570
572
577
582
583
591
593
600
609
613
618
620
626
632
634
638
640
642
647
649
656
681
688
698
700
708
711
714
715
716
721
729
730
736
739
740
744
745
749
761
763
765
767
770
773
774
781
783
787
798
801
803
804
815
824
837
838
839
840
842
854
856
863
870
878
879
886
890
896
897
901
903
906
910
914
923
924
934
938
939
949
952
960
963
968
980
982
984
990
994
996
999
1003
1005
1011
1016
1024
1026
1035
1036
1042
1074
1077
1079
1080
1082
1084
1085
1101
1106
1107
1109
1118
1122
1125
1129
1130
1135
1144
1146
1148
1150
1153
1155
1158
1165
1169
1174
1190
1191
1194
1195
1198
1204
1205
1207
1209
1220
1231
1232
1235
1246
1247
1262
1265
1269
1270
1273
1276
1280
1282
1285
1287
1296
1297
1307
1309
1310
1317
1320
1323
1324
1334
1341
1347
1349
1354
1358
1361
1362
1363
1365
1367
1369
1377
1379
1386
1388
1392
1401
1403
1405
1410
1411
1435
1440
1448
1454
1455
1461
1472
1475
1476
1481
1485
1494
1498
1500
1502
1511
1517
1518
1521
1524
1525
1529
1535
1539
1545
1548
1549
1554
1559
1560
1569
1571
1573
1574
1577
1578
1584
1590
1602
1609
1611
1625
1626
1636
1639
1642
1644
1645
1649
1654
1658
1659
1660
1664
1672
1676
1677
1681
1688
1694
1697
1698
1700
1703
1705
1709
1710
1717
1723
1724
1725
1731
1732
1734
1739
1740
1757
1758
1759
1760
1764
1768
1771
1779
1783
1791
1797
1801
1803
1811
1815
1822
1833
1845
1850
1851
1852
1853
1854
1856
1860
1862
1864
1867
1869
1872
1873
1876
1878
1887
1891
1895
1906
1942
1944
1947
1950
1953
1955
1959
1974
1981
1983
1989
1994
2000
2003
2008
2018
2019
2034
2048
2052
2061
2064
2066
2069
2071
2090
2093
2098
2099
4
727
859
2038
1295
1933
2037
323
346
507
1100
1540
1707
25
55
69
149
163
174
209
218
226
266
269
285
303
317
353
355
359
370
382
387
397
415
418
452
460
481
495
526
546
554
575
608
633
652
660
662
671
673
677
682
701
742
807
809
811
822
881
889
894
905
909
979
1013
1038
1059
1060
1070
1083
1105
1119
1124
1138
1159
1161
1162
1164
1277
1286
1294
1301
1302
1318
1337
1375
1406
1426
1439
1459
1473
1490
1505
1534
1565
1597
1600
1605
1627
1640
1695
1741
1752
1789
1812
1823
1841
1857
1902
1908
1957
1962
1968
1985
1988
2004
2014
2020
2031
2047
180
212
435
535
746
757
816
1091
1344
1507
1662
1708
1871
2035
2094
833
1022
1056
102
447
1012
1049
29
34
90
222
272
334
391
771
917
940
957
1260
1471
1670
1255
1728
1716
542
371
