46
77
78
83
100
112
152
154
197
233
237
299
329
336
347
408
421
431
510
689
735
881
947
1004
1024
1124
1148
1166
1177
1179
1219
1233
1390
1453
1619
1674
1693
1763
1835
1873
1903
360
418
458
535
764
1203
94
122
145
184
225
545
728
793
991
1097
1238
1307
1389
1517
1530
1534
1550
1616
1899
33
99
135
667
1099
1109
1128
1168
1171
1217
1319
1461
1570
1700
1739
1749
1759
1839
1738
27
72
208
313
318
437
608
684
694
792
835
963
972
997
1059
1107
1138
1140
1210
1310
1311
1368
1369
1392
1441
1523
1598
1691
1733
1775
1784
1791
1897
1915
1930
389
522
831
1391
1864
1003
843
1374
1807
461
466
496
624
1281
1426
1714
1142
1321
737
1514
1618
367
1355
1468
64
472
490
724
1408
1486
1538
1642
1717
119
673
1253
1363
130
681
759
1635
1754
1882
483
725
1183
1633
248
513
849
957
1810
1992
1994
748
1900
160
280
1073
1397
1007
1031
473
502
580
584
620
747
783
906
1013
1227
1251
1316
1370
1421
1463
1528
1760
1990
242
383
851
1971
305
467
540
809
1102
1295
1382
1452
1509
88
550
803
391
1631
232
1458
688
482
762
1448
1977
402
847
926
969
1058
1622
1723
1755
81
307
599
720
727
739
1284
1324
1450
1498
1507
1666
36
503
541
914
960
1590
1980
1204
1499
791
417
1359
1488
1512
1890
55
376
939
701
649
51
588
601
932
1285
1358
1604
1730
1803
1046
1863
1126
231
657
1493
235
1119
1786
1068
1931
1192
679
529
1022
1684
20
594
976
400
1862
841
151
359
1027
1371
1552
909
182
942
1401
751
526
1778
1427
1698
556
1021
1855
1883
455
263
464
1125
1410
1696
1867
1849
511
900
156
317
1101
1117
1713
1969
159
209
374
631
869
1165
0
1012
1297
217
506
547
575
901
1504
1846
238
967
1800
1912
741
975
1669
1176
945
1455
366
406
1356
32
1345
1384
1710
127
954
1484
1675
321
1038
1438
1574
1637
477
1160
1943
1962
597
778
1293
1433
530
574
1419
215
656
647
252
711
787
891
91
265
885
1040
1535
1736
1896
1920
167
1524
1641
279
443
568
816
1872
1153
234
508
1127
1402
1613
1798
1937
678
1241
1485
1545
287
1886
1851
1112
1692
250
1933
1664
70
309
840
1501
1505
951
920
595
1340
1748
79
272
176
1606
1924
713
497
1352
66
1270
668
1464
340
1267
1829
1857
438
1734
132
273
826
984
1379
1540
222
1202
512
489
836
919
1594
53
1764
1416
1573
1605
1557
164
722
1237
1239
369
1651
1225
1529
11
756
593
775
555
1042
1154
1090
1162
39
1406
765
454
1439
388
49
487
990
1569
259
1353
1695
505
200
1197
538
892
1215
380
1837
1069
1350
1460
1688
609
817
144
1516
1544
655
1164
1206
1223
1724
1318
801
1699
1496
149
830
1170
226
1167
1259
1563
1575
1940
276
616
1814
1964
1981
640
1258
201
766
1768
1946
1211
692
1228
1023
924
162
771
899
26
327
1131
1860
392
1690
1581
419
567
84
204
264
1652
190
659
1732
311
361
691
1393
1612
492
1842
844
686
1830
719
1876
1902
687
1479
1617
1155
1673
978
106
606
1095
998
177
291
531
544
671
815
1377
1467
871
1052
1205
1632
102
660
736
690
1593
542
789
1731
904
19
1000
520
1338
398
621
1409
1745
1367
1686
1905
133
1500
528
755
723
285
1951
319
519
800
662
