102
155
423
454
663
699
826
1031
1138
1265
1560
1588
1665
1885
2222
2294
2538
2553
2752
2878
2886
2910
3487
3721
3824
3841
4197
4258
4544
4661
4744
5352
6255
6437
6473
7050
7190
7387
7562
7713
22
88
142
1043
1459
2618
2620
2807
4886
6122
6171
6424
7135
7361
7640
7703
7725
7738
7779
5645
3960
7380
99
148
837
1065
1225
1934
2064
2201
4030
4900
5334
5732
5979
6099
6552
7525
7782
53
3317
3974
6521
6892
7762
5435
5501
6963
7700
2029
4524
5639
6075
6618
320
1645
3259
3896
4057
4455
4528
4656
4972
5003
5407
5549
5571
7127
7150
2230
3178
3577
5655
7403
6313
559
3598
1683
3798
6147
6468
232
4711
5553
7801
3890
5910
7175
994
1911
2340
5485
638
2155
558
737
4959
5626
5779
6253
6693
6801
7213
5139
6204
3618
729
770
528
1262
2507
5836
2049
2756
2568
51
652
720
1726
6010
7319
7661
2653
3042
3926
4121
6700
868
2188
2371
3299
3370
3460
3555
3887
4643
4775
5833
6214
865
3990
292
1641
411
47
539
1420
1646
1729
1818
1823
1876
2412
2731
2801
5031
5976
6012
6027
6516
7060
7259
7872
458
685
3251
3877
4895
1662
3593
112
892
1066
1701
1913
5068
5737
6503
7470
364
1160
2526
3002
3392
5998
6097
6540
7186
788
903
1096
3773
4500
4986
5107
5229
6066
7126
352
4789
15
927
1301
2067
2542
3078
5387
7097
7146
1140
1965
5061
5611
6881
3005
7530
5724
6233
1266
4233
7593
2126
5380
1296
1777
3104
3828
4606
5133
6991
426
2314
4035
1154
2218
2403
3016
3509
4715
5546
5878
6120
6920
961
230
338
3800
2061
3899
4065
4704
7408
362
1567
2652
4975
6199
7702
848
4487
2209
2097
2313
206
1153
6677
6745
5697
6146
6728
6809
5972
7631
7783
825
5199
1194
3512
4839
4981
6699
1092
2439
3110
7860
2283
3446
6374
7464
2328
3130
5948
1161
4870
7009
4463
294
3930
3953
4681
4734
6951
1632
396
1284
1798
2811
3810
5879
970
1182
2058
5820
2308
6643
597
1849
1902
2661
4232
5063
5146
5495
5653
5694
5792
3558
2375
3784
4160
7587
7750
1205
3777
4709
5670
3707
3895
6628
781
2215
5621
405
1113
3034
4010
7630
7279
1035
1433
2413
5197
975
3820
3852
4881
5432
5663
5901
757
854
1989
1839
2271
150
2955
4903
5704
6322
7004
904
1137
2582
2682
1629
303
1179
1725
4119
1502
4850
332
1958
1968
2056
7354
4033
4947
5548
6496
6557
7209
453
656
4930
6789
7251
6518
4159
4112
747
1508
2171
6827
5216
6003
2963
1315
2023
2356
4834
3883
5288
6665
3787
5054
5147
1152
3811
5422
6918
864
3101
3789
1860
4195
628
2482
2787
2916
5140
1072
2675
3746
4501
7711
7912
1457
4527
7025
1933
5523
154
1025
3658
5631
5846
512
1509
6820
7394
5830
1524
2175
4179
6547
6752
5266
7367
1133
2178
1400
4244
235
1657
5492
6682
4761
7510
1369
83
4756
5614
6316
2199
2998
4130
4192
7462
1910
3038
4554
7192
1755
1565
3443
5740
5942
4613
828
1676
2353
2411
6455
7137
895
2259
3808
7481
5225
5873
6637
1184
7540
2433
5169
5484
144
149
2093
2296
3058
3889
1612
2637
425
1939
4313
5358
6350
693
5338
6008
2563
2905
4990
5462
4150
1764
2329
7136
7500
1796
3061
713
3604
4648
4890
6794
7100
7336
4665
491
1189
1505
6933
589
3163
4223
7228
7855
7921
3364
7968
2640
3420
4910
5791
7604
2251
4674
7881
257
1020
884
4017
1894
1350
4633
6983
7204
7281
556
3819
6393
30
191
1532
4068
6941
4034
4612
4786
68
1674
2081
3393
4813
7674
6358
602
664
1336
3633
3891
4609
5864
1845
2764
2986
603
2702
3622
3666
4388
5802
6600
7775
6361
3185
3218
2770
593
3054
4090
5267
5000
2792
5461
7474
1536
6585
437
1203
3796
6319
6084
7637
648
1486
762
1682
3513
6513
6715
7729
2733
3166
4894
322
415
1889
3831
4143
4951
3493
7147
6004
1221
5047
6589
2087
2810
2326
3188
4261
4812
525
1019
1132
2692
2882
3719
4029
5723
5893
6282
6373
3894
3600
5213
6239
7619
1363
1809
1877
2833
5959
4134
442
2195
3096
7216
242
3310
7396
1394
5968
4493
671
2113
3449
1166
1797
4505
3447
3690
7191
1582
5062
6672
846
4225
5746
6211
522
2223
2289
256
840
3282
7759
3395
5289
5733
5817
6707
7101
3641
4919
661
6625
283
2118
3845
7220
876
3236
5840
4107
777
1074
2358
4405
192
5262
5464
5738
6543
7854
7901
4080
566
3762
97
650
5113
6200
1445
1497
2245
3199
5073
5903
6134
6767
7086
7662
7891
3663
543
4102
6014
6291
5932
7816
7946
7717
358
482
896
1392
1559
3528
4312
4557
5894
6866
7184
4831
6349
3361
4513
3436
2856
3489
3879
75
1351
1545
3143
3405
5294
4052
5898
6072
724
2799
483
2580
1222
4208
2481
6509
5609
1808
2431
4461
2288
3408
5573
1056
1481
3313
4354
4425
5627
190
380
1305
4778
5143
5259
3467
5386
613
6375
289
2941
4344
4365
6893
7348
7485
6063
2600
2870
3032
5990
1073
5343
5384
7991
1307
3441
3501
3583
7777
4059
4620
7287
3476
4847
1736
2911
4256
5050
127
534
3071
4683
4691
1878
5939
6273
6478
7274
7859
959
2754
3357
4335
5708
7622
3665
3653
1027
1303
2062
3072
3276
5605
6530
3136
7226
2522
5685
318
2027
529
3677
4245
4902
5682
3508
6149
6281
7929
204
3245
6461
7928
2650
2441
7639
4921
346
2038
4641
4907
5127
5565
978
1070
1795
1984
2949
3325
3485
3806
5417
5753
6583
4694
5456
2262
4992
6800
1071
1352
1372
1473
2305
2996
3311
4366
1737
7149
7542
937
2011
5118
6238
875
3791
666
1475
1482
3278
3747
7058
7483
5156
4821
7018
7121
3654
4595
4770
7156
4920
6948
1554
4713
6129
6988
5223
4308
1741
2467
6601
1278
2898
3698
2641
3488
3699
3063
1512
2151
3092
3243
3882
6076
6484
1193
1165
1376
4569
5007
7138
389
3771
7924
2301
3916
4393
5899
768
188
353
1001
3102
7288
244
611
1162
4618
6287
6849
3426
1852
2820
4498
5136
5192
5556
5926
6104
7090
2746
4460
6116
7131
7344
6124
2442
7326
1353
378
3507
5049
6265
3406
6505
1272
3402
4671
4044
5545
3505
7118
1229
1782
1792
2767
5754
7381
7433
7672
310
2108
7376
7829
3659
4805
2834
4490
4906
7989
5271
5881
3650
1498
4837
2022
6398
7346
1630
3182
3400
7793
4238
6860
6343
2290
2562
3380
3866
4626
4684
7214
3766
6862
2202
6102
496
803
345
530
1365
1648
3804
6180
3913
54
224
2
3700
2521
7422
7798
5711
3429
3657
6538
308
744
2806
2939
3818
4742
1574
2990
5012
7291
7911
3139
5575
6182
6717
1959
3146
5013
5311
7720
7519
879
1775
6410
7455
1407
6914
3640
7353
2794
5421
1223
1946
2052
4249
5230
6869
1552
5803
407
3353
4798
1360
2967
3233
3868
4218
4960
6907
7035
7407
6642
866
6056
6154
6878
6915
7277
7358
588
612
7521
554
2704
7575
2110
2381
6946
1853
3606
4289
4055
7559
5656
1386
1625
7451
5758
1357
4644
2212
2409
5431
5991
1879
2516
3123
2842
3903
5056
6679
3365
3468
4592
4979
6660
3015
5373
6626
921
1731
1846
3847
5359
5709
6394
7533
7671
859
3967
2123
2657
4166
5504
1518
412
1217
1757
4116
5251
4899
4653
1198
1826
6206
4127
2737
2738
4140
6034
1192
6575
7590
2844
5950
315
4514
2935
6685
6746
2321
4445
6327
7080
7938
3076
6418
1033
64
185
3743
4101
3490
3391
4846
4537
6730
7185
1671
7778
3438
6567
5978
6477
6740
7298
7789
3241
701
764
5196
5634
7282
1583
1730
3297
6975
7074
7419
2415
6579
6926
920
2355
1901
7010
6334
6458
6676
5622
163
3575
4655
5260
6457
6732
4286
6723
6812
5604
3874
6510
335
1581
6891
7078
7501
7677
5986
1004
1673
4129
4509
4859
714
4298
1280
4118
6792
6235
1094
4689
147
193
7922
2100
2219
5870
6371
3305
581
5973
2464
5845
2098
6280
373
410
1580
2459
4932
326
2747
4857
5703
397
3135
5946
7771
2953
5925
4135
1485
1758
2377
2589
6835
3977
3189
5306
6636
6863
6284
5493
7244
7772
447
3613
4731
4755
5921
4950
3959
3946
6906
7581
3094
3231
4347
445
6376
917
2923
1480
3723
5114
5613
7141
93
6114
5481
4716
1848
4926
7509
1589
5154
7794
395
4268
2398
922
7073
7760
1748
3404
5599
1947
5093
5780
4296
797
1364
6452
552
3093
7653
842
3079
4098
5272
888
5375
5718
4485
1595
6237
7351
2774
6817
767
5911
1346
1724
669
1297
6969
3430
4378
7089
2242
3857
3249
3750
6346
7117
796
1428
17
881
1687
5011
5255
6837
1620
4867
5117
5913
2875
4443
4801
4878
6546
6814
7688
1754
2809
4097
1331
5044
472
6698
2455
7486
7915
706
7764
7972
2161
3783
4242
4417
5144
5587
6694
7502
7942
3401
172
3906
157
462
1539
1708
3288
3794
7571
847
3745
2947
551
3022
3901
7863
7954
2560
3187
3848
4649
3751
3107
288
4453
4607
5444
5576
5823
3651
639
2884
3358
4407
5025
3578
4675
3456
7706
2673
3342
5219
6781
1954
4825
4333
1010
4936
2225
4823
932
7303
3263
3454
7055
7215
5057
2479
