146
730
1801
1883
1926
2374
2659
2718
2853
3280
3483
3856
3861
4173
4275
4353
4469
4578
4611
4632
4787
5210
5672
5915
5919
6107
6162
6667
6955
7044
7366
7471
7522
7806
0
1361
1898
3050
3066
3816
3924
4703
5676
7317
7321
7602
7763
1542
1718
1997
2053
2537
2895
3113
3390
3687
4073
4165
4817
5018
5083
5237
5244
6652
7333
7866
321
983
269
1880
3465
3662
5245
6352
6556
7125
7155
610
1063
1215
1835
5095
6183
6396
7221
7800
7805
6078
2369
7424
1812
5505
751
1426
2191
3582
3869
7318
624
912
1692
1909
2070
2254
2894
3814
4587
5890
6335
6406
6751
7028
7030
7404
7442
7544
943
1344
4300
4954
6645
7110
314
897
1359
2779
2821
2850
3100
4251
4270
5897
6248
1819
2777
3116
4138
4468
5787
6049
6340
6632
7246
7270
7754
7802
5298
5446
7261
7740
7917
3480
3696
246
5258
761
804
2380
2958
3252
3295
3753
3904
3961
4046
5363
5513
6111
6192
6757
7067
2889
3683
5080
1130
39
2041
2066
3450
3506
3693
5123
5964
6623
948
1806
7648
6356
3459
4273
824
1431
2300
2423
2785
4099
4174
4302
5074
5617
6031
6069
6244
6845
3212
4916
467
1905
4194
6749
2454
3546
5412
285
2390
7666
2320
7418
775
1838
2045
3346
3367
4058
6108
6256
6314
7115
4561
6329
6442
3209
5757
517
1200
4759
6105
7934
3559
6041
7308
1235
2089
6249
7849
1611
3086
5624
2261
12
1199
3586
4177
6440
7053
916
1450
1778
3174
4211
6148
6880
860
1537
1540
2711
4049
4540
5865
727
3068
4117
1944
5233
5445
5590
275
1573
5507
5971
6514
4511
1118
2458
3608
4276
6285
6850
7164
2472
3375
1081
6474
1408
2402
5807
3550
5269
7721
1613
3902
4131
4929
6379
7444
431
4145
4236
573
1139
6230
7208
4584
4705
6498
7218
2700
6773
196
7749
555
3162
3499
5752
6307
830
1598
2246
2599
4013
4375
7795
7909
4196
5055
6480
6491
7170
7903
774
3240
3576
3757
3822
7819
5832
3141
3793
4430
5868
1216
2938
2606
3069
5394
5403
6553
7613
1644
5671
3873
4721
5987
7087
7235
3204
3269
4474
5438
5827
6825
7994
6826
81
311
342
1642
4803
5043
7247
403
1940
3111
4315
7232
6234
6806
7977
776
822
2961
3695
4651
544
960
1158
2508
3515
4089
5721
6103
587
4780
1291
3215
1643
6443
5410
7997
233
4654
2780
4515
7876
782
4415
5522
3951
5087
183
4077
343
3407
6842
1836
2594
3722
4383
5458
7588
2480
6100
6937
7467
2901
189
3718
6337
3525
1362
1843
5851
7616
7818
372
5103
2492
2742
616
2265
4342
4863
5275
563
3423
4076
4369
6815
1069
1286
3529
6549
514
2576
4025
2578
1423
4072
4999
6438
3644
7000
166
870
1970
4042
4149
4482
6155
3165
1298
1753
2519
2937
4428
4667
4782
4935
5101
5588
6927
2021
2595
2912
4183
2211
2858
365
287
1430
5014
5122
5202
5205
5562
5875
6044
6896
186
6541
3366
6561
5
1619
1963
2808
5313
428
2696
6726
3155
2948
3588
6053
1227
7606
6943
2227
4075
4136
5527
2544
3164
7498
7817
2804
6818
434
3511
2143
2311
784
787
4237
2032
843
1794
4853
905
1304
5952
7229
1667
5330
2414
110
1507
1890
5699
49
3214
4869
5104
2877
5371
795
3652
4168
5772
5848
5521
50
936
1120
1470
2622
5849
7368
158
5666
7673
801
1711
29
291
7887
2090
4433
7128
4495
4530
7730
2691
1290
5454
1329
1769
5597
1274
1768
3470
2591
5155
7566
383
3834
5502
1572
946
2930
4610
5506
7334
2477
5564
34
3381
3972
7538
7743
4348
4680
6158
6586
2775
3610
5088
5332
7154
7734
1617
4957
7075
4776
4009
7391
32
1897
3548
5023
3062
3716
13
3009
5512
2424
5992
6117
3674
5295
7494
1444
2240
3928
2619
4063
4942
1672
5163
2389
7461
5814
4180
4389
3989
6062
6264
7037
7658
7839
2035
2051
2919
3033
3108
3520
3703
4941
5120
6680
7945
3025
1799
2957
4374
4635
6383
6532
7493
7896
4016
1721
231
1520
4727
5391
5886
7523
363
2003
4011
5032
7059
3023
3055
450
3131
7183
7140
858
1960
6990
7966
1224
6879
732
5936
836
1967
7998
2046
6856
7834
2255
160
3910
5928
2513
4226
7572
1478
6871
4345
4745
7294
274
119
1415
3664
6529
7547
7965
2086
2713
3377
4051
4213
5805
1587
2448
3352
4008
3994
6345
1218
2559
3073
3348
3585
1471
5211
6874
4774
5419
3682
123
734
5280
229
2444
2506
5186
5220
178
1830
3927
4327
5793
7042
6470
547
5232
746
3522
5734
6413
6765
6984
7152
6487
72
5765
359
4096
2273
1451
3712
6565
7799
1922
5162
138
248
368
2189
3309
4497
7023
5309
7161
7189
461
604
6619
76
2164
3000
3330
1275
1738
6909
3343
4382
7507
476
2964
5436
7160
1238
1311
4535
5415
374
1460
3011
7434
1036
5317
1767
2530
3202
5857
6986
1247
6861
3500
6428
7871
2401
3570
2368
3105
7970
2133
4741
6246
5606
5641
295
179
4395
4546
4994
5980
2036
4887
6454
7786
4848
7594
7309
861
3534
5632
6348
4434
1441
2860
3767
1277
2405
3675
7813
3970
4413
5625
7402
831
1149
3685
7124
7643
5570
7480
3853
5036
6755
5208
1013
1324
1515
1751
1776
6095
6578
818
7482
4565
4019
5064
7031
636
1242
4702
2539
2874
5322
6260
4688
2437
2862
3024
3956
2871
6475
501
2876
4123
5994
7979
375
1168
7001
7773
1318
7088
207
1417
6483
1108
1750
1244
2383
7812
7832
1647
2968
7129
3248
2688
7122
816
2069
3152
4751
7107
5361
132
5176
2612
7708
3472
3758
125
1688
2318
6385
1822
2157
7733
181
2486
6639
5760
7178
5497
6392
7447
7899
4918
6965
409
2533
5598
2758
4250
4637
1187
5842
4012
1487
3702
3510
6229
1327
7973
1443
4480
391
1041
1448
3142
5633
5989
6466
6528
1599
3138
3262
3706
6085
7944
1811
2813
4322
7266
7349
451
474
1368
2611
3115
7913
1302
2429
6692
427
438
1734
2071
3862
4627
5413
384
5834
4964
5957
7545
2297
1745
7879
66
90
488
989
1597
2496
2892
3056
3445
4161
4222
4299
4750
5170
6220
655
2065
6382
6576
1453
5540
1991
3563
5382
923
4343
6973
7196
7803
3198
6939
3059
5944
6207
6831
3158
3795
6778
7697
2428
394
1990
5145
6889
7039
1323
3935
4269
1253
7275
1732
5649
4809
2359
7430
7742
3371
5781
3774
4602
5603
6662
1257
3725
4642
6136
6407
1541
3805
3627
5381
5637
7981
3872
1314
2453
2488
4085
7479
3567
6305
6542
5105
2221
4191
5228
2291
4452
5714
4350
6854
6555
1722
4576
5400
6139
58
524
2502
2985
4542
5385
5477
6444
6964
7339
2551
6591
7645
5129
5920
658
3539
4265
1988
3846
4552
951
1102
1547
2382
4829
7874
2170
6048
538
694
2366
3996
6713
519
4193
379
2050
2059
1998
4310
1388
2913
2244
2734
429
284
659
3533
4897
1167
4410
6196
1087
223
2425
4349
4419
5137
6068
7893
3865
4477
4971
5071
7707
4725
5949
6590
1579
2008
3740
3780
4414
7495
114
6251
640
3167
3590
3639
4024
4292
4560
5027
2686
7383
401
1040
6213
6429
2974
4037
6311
5735
6697
660
1976
2060
4838
7134
2373
2825
5914
6127
823
5483
82
463
2660
2983
6570
6787
6603
6905
1980
2781
4431
3363
1591
4252
1061
2207
6851
1287
3091
2667
4791
7158
7293
7857
40
1325
1432
6308
3897
7670
821
591
7957
535
3053
3203
1425
4993
1548
6318
7716
8
1871
7996
877
1936
2651
4517
5517
214
705
3160
3580
5799
1749
5060
7236
7024
4334
6227
6232
3704
3968
4203
4730
6317
5151
3169
5783
518
883
4359
1802
536
1626
3396
4167
3624
7592
3206
5278
2449
6268
6720
439
606
675
5193
5360
6507
1260
4966
7377
7389
10
3566
4411
4928
5052
5320
5810
5938
3028
5108
6210
417
2672
6690
7041
7827
7983
1621
4616
4958
2013
2646
2914
4820
4822
5554
92
436
7051
6409
2952
6580
2768
2920
4484
4819
6571
5719
2520
1862
4220
5954
4987
5252
5689
3983
2908
5345
5811
1921
3884
6421
2445
7768
5812
3336
59
1045
1685
3339
1742
5084
1575
2992
1348
3323
537
1609
1987
2465
3257
1735
5647
387
5028
5853
5958
2851
5207
5813
5933
7378
6754
6899
6791
645
2984
3637
5535
7605
3729
1248
4246
4397
4451
5079
4175
4816
6750
2384
5405
3190
4634
5022
6380
7851
1928
3607
5912
6704
1052
2965
402
4710
5541
7065
2148
3181
1196
1669
609
1490
2598
7432
742
3437
4968
7238
7532
2587
5741
1992
1089
1384
6961
7864
902
1447
5489
6640
4766
7984
6810
