14
16
26
30
39
44
57
63
77
107
112
128
154
161
169
172
177
185
194
201
203
235
238
250
257
258
268
271
287
292
296
298
307
314
324
350
365
380
381
385
421
423
426
439
440
457
485
493
511
529
560
561
585
587
594
597
598
615
623
635
636
641
651
654
655
658
663
674
676
691
699
703
705
719
734
752
764
768
769
786
795
818
820
831
847
855
860
864
875
883
884
888
891
895
898
900
926
927
930
933
948
954
969
973
976
977
983
987
997
1004
1014
1019
1040
1043
1050
1073
1088
1097
1114
1116
1121
1126
1127
1149
1163
1181
1184
1187
1188
1192
1197
1199
1200
1202
1211
1212
1214
1221
1229
1242
1243
1254
1264
1303
1311
1325
1333
1339
1351
1356
1368
1373
1382
1408
1412
1413
1415
1416
1421
1436
1463
1484
1492
1495
1514
1530
1533
1547
1551
1561
1567
1570
1572
1575
1586
1599
1617
1621
1630
1631
1643
1653
1657
1665
1671
1680
1686
1690
1693
1701
1713
1714
1715
1721
1738
1743
1745
1746
1747
1748
1766
1770
1773
1778
1780
1785
1793
1794
1796
1798
1805
1810
1826
1828
1836
1838
1848
1863
1889
1924
1939
1941
1948
1966
1977
1978
1984
2010
2017
2027
2041
2045
2056
2063
2073
2076
2087
2088
6
32
93
101
120
148
189
200
217
225
236
273
373
396
420
429
431
441
532
563
571
580
690
717
788
802
827
918
919
946
955
959
993
1017
1029
1048
1051
1065
1081
1133
1218
1224
1326
1366
1385
1441
1523
1541
1629
1633
1685
1754
1755
1790
1795
1800
1956
2007
2050
2058
2086
1859
428
687
27
36
43
98
104
109
110
125
143
152
157
196
233
240
267
278
284
318
340
356
395
443
470
475
478
533
588
672
685
704
710
726
741
747
775
797
821
851
869
874
907
974
975
992
1007
1072
1160
1203
1226
1251
1284
1342
1417
1432
1433
1458
1488
1506
1537
1546
1616
1619
1623
1652
1663
1673
1687
1712
1817
1861
1884
1893
1907
1922
1925
1972
2023
2049
2054
2081
1001
1692
1055
1601
1973
311
427
697
887
989
1248
1424
1756
1866
216
574
885
1846
1921
709
21
219
229
275
282
304
367
509
595
617
646
686
931
970
1062
1087
1266
1292
1329
1813
1827
1865
1897
1909
2046
627
1916
772
1647
928
1504
156
1550
66
140
343
517
621
1094
1147
1330
1359
1904
1234
37
132
497
614
794
1143
1225
1390
1404
1816
2039
106
857
1177
1186
1393
1699
724
536
1580
858
1532
549
1090
1217
1598
325
412
540
1381
1729
1434
743
1423
1208
631
12
679
1497
2036
1230
1614
456
1032
228
1526
50
1110
243
244
211
1499
2089
