159
258
2107
2129
2145
2176
2855
2885
3486
3761
4471
4518
4583
5426
5983
6621
6706
6913
7237
7379
7714
7889
939
1483
2054
2306
2460
2896
2969
2975
3684
4146
4429
5152
6070
1535
5638
5574
7297
878
5268
6098
6653
7636
1600
6445
145
2131
2391
2466
2835
197
557
918
2007
3268
3830
4961
5328
5510
5657
6222
6916
7103
2629
3530
7159
6884
2791
3362
3415
5224
6718
7810
2789
3265
7950
6101
7476
2228
432
618
642
1175
1269
2002
2154
2372
3621
4465
5930
481
3943
6087
1584
2654
6793
6647
1842
3074
3122
5051
5706
1409
2727
3285
3535
6141
6722
280
736
1393
1623
6910
238
665
1380
1680
2350
4367
5841
7356
7488
7982
239
703
5411
7935
1032
5327
2025
2569
3950
6944
1190
3849
7285
355
1659
5705
5782
6952
290
5825
5900
6766
574
3369
3597
2282
2971
3975
7537
1747
3673
3880
2869
2028
1047
5135
6320
1439
7557
6515
595
3422
95
974
7589
328
3103
4646
2564
2843
4373
6922
