2
3
13
46
51
52
53
54
58
61
67
72
78
81
87
95
96
100
111
114
115
119
122
127
145
146
153
166
181
187
191
192
195
202
204
205
208
213
214
220
221
224
230
231
242
245
252
259
260
263
270
279
288
308
310
312
319
327
329
331
338
339
342
349
351
360
362
363
364
375
377
379
383
399
402
406
407
409
414
416
424
425
430
436
437
448
449
455
458
468
469
474
479
491
494
504
508
510
515
518
519
520
521
531
539
541
550
552
556
564
567
568
569
578
579
584
589
592
596
601
604
605
610
622
629
645
666
668
669
670
683
684
692
693
696
702
706
707
718
720
722
725
728
732
737
748
754
756
759
762
766
776
779
782
784
789
790
805
806
810
812
817
825
826
832
835
841
845
846
848
849
862
865
867
873
899
904
912
915
916
921
925
929
936
937
944
951
961
965
966
981
985
995
998
1010
1015
1020
1021
1023
1031
1033
1037
1045
1046
1047
1053
1061
1063
1066
1068
1069
1075
1086
1089
1093
1096
1098
1102
1108
1111
1112
1120
1132
1137
1139
1142
1152
1168
1173
1178
1179
1201
1206
1215
1216
1233
1236
1237
1241
1245
1249
1253
1268
1271
1275
1279
1288
1293
1300
1304
1305
1306
1316
1319
1321
1331
1336
1340
1343
1360
1364
1374
1383
1387
1389
1394
1395
1396
1398
1400
1402
1418
1420
1427
1429
1431
1437
1438
1443
1447
1449
1456
1460
1464
1467
1470
1477
1486
1491
1493
1496
1501
1503
1508
1519
1520
1527
1528
1536
1538
1552
1556
1562
1579
1582
1588
1593
1603
1606
1612
1613
1615
1622
1632
1635
1637
1638
1641
1655
1656
1667
1668
1679
1682
1684
1691
1702
1704
1719
1720
1722
1733
1736
1763
1765
1767
1774
1775
1776
1782
1784
1788
1804
1807
1809
1818
1820
1831
1839
1843
1847
1875
1877
1879
1880
1883
1888
1892
1899
1903
1905
1910
1913
1914
1917
1918
1919
1920
1923
1927
1929
1931
1934
1935
1937
1940
1946
1949
1951
1958
1965
1970
1979
1986
1987
1991
1992
1998
2002
2005
2009
2011
2015
2025
2026
2032
2043
2044
2051
2055
2060
2062
2067
2070
2072
2075
2082
2084
2085
0
253
499
796
1278
1610
2040
2053
38
91
134
210
274
301
313
315
322
488
516
590
602
657
755
792
843
920
986
1067
1117
1128
1145
1175
1210
1227
1272
1281
1312
1348
1370
1414
1422
1446
1452
1478
1479
1483
1515
1522
1543
1669
1674
1675
1824
1837
1881
1911
1960
1964
2083
665
465
836
1338
1419
1661
86
599
760
1009
1156
1167
1189
1291
1352
1718
2074
405
1737
1928
1954
175
326
573
612
1263
446
1996
190
680
1912
637
