153
157
189
257
351
646
795
818
819
824
827
884
1074
1122
1156
1209
1424
1471
1546
1646
1746
1783
1812
1832
1894
1918
1967
2
23
129
175
198
386
494
553
570
1041
1271
1290
1304
1436
1615
1870
1968
69
862
1130
1422
97
1190
1580
5
139
399
806
1346
1395
1670
1858
1904
255
289
325
335
1644
1880
615
463
898
1503
169
95
191
188
192
1034
1400
1850
1983
34
185
281
480
823
1036
1111
1414
1465
1555
1576
1577
1630
249
854
1062
1087
275
381
1809
137
1091
1286
1567
1399
165
632
1232
1459
479
74
297
648
878
1048
1081
1323
1565
1781
1313
1145
1462
1752
382
1854
278
440
1264
216
58
1917
140
1344
779
857
1017
1365
1404
178
1184
1636
397
1525
1085
1586
1330
254
500
676
1011
1116
1216
469
858
776
73
639
738
1559
245
253
874
1043
379
1480
794
1030
1246
557
589
290
1689
1676
90
911
1444
1727
1343
1045
1434
1996
855
448
988
1387
1437
605
804
196
948
1398
1716
89
1667
