11
17
24
35
40
42
47
65
75
94
97
105
117
136
142
144
147
162
232
234
265
276
289
295
299
341
345
348
374
394
404
433
459
462
463
473
477
489
492
500
514
527
528
544
545
547
548
557
565
566
586
624
625
630
643
644
648
650
659
667
678
689
753
780
791
813
819
828
830
850
861
872
893
908
935
956
978
1000
1008
1030
1034
1054
1058
1099
1104
1113
1115
1151
1157
1171
1196
1213
1223
1238
1244
1259
1298
1299
1308
1313
1315
1346
1355
1357
1380
1384
1397
1430
1445
1451
1453
1462
1469
1474
1480
1482
1487
1513
1531
1544
1555
1564
1568
1581
1583
1587
1591
1595
1620
1628
1634
1648
1651
1683
1696
1706
1711
1744
1753
1762
1787
1792
1799
1806
1808
1819
1825
1868
1885
1886
1894
1900
1930
1963
1969
1971
1980
1982
2021
2022
2024
2028
2029
2042
2065
2077
2079
2092
10
31
60
84
103
164
197
198
207
237
246
309
328
386
390
432
467
513
522
576
661
675
751
808
823
852
902
943
947
962
971
991
1002
1064
1095
1123
1154
1172
1193
1219
1222
1240
1256
1261
1274
1289
1328
1332
1371
1407
1468
1563
1576
1594
1604
1678
1726
1749
1772
1777
1814
1832
1835
1896
1938
1975
1976
1993
2001
2006
2033
401
422
619
695
738
1257
1516
1618
1761
2068
85
581
1228
286
958
1399
1589
99
451
1078
1176
1250
1258
1327
1592
1666
1786
330
793
1465
215
20
133
179
335
357
366
376
389
471
559
606
611
785
814
866
877
922
945
1039
1041
1140
1180
1183
1185
1239
1252
1314
1322
1350
1391
1425
1428
1457
1689
1730
1735
1821
1844
1858
1932
1943
1995
2013
2091
2096
89
159
417
1027
1512
1855
480
871
1131
1727
1781
186
616
723
942
1624
249
393
1509
1842
1870
777
799
853
1769
1898
138
419
868
892
1028
68
71
664
800
967
1018
1409
1542
1585
1840
1849
1999
7
124
256
297
442
523
537
628
758
882
1044
1170
1267
1290
1372
1376
1646
1650
1901
2012
83
129
496
1076
1936
2057
18
206
261
291
713
1136
1553
1830
1945
2080
1166
876
607
778
1345
1751
472
1802
23
199
248
294
378
503
525
733
844
932
1092
1489
1557
1961
1967
2059
1378
988
62
653
1052
1882
2097
1134
1444
1742
603
1566
444
731
834
1057
1353
1607
1990
2095
1750
829
964
911
1596
750
347
1141
941
972
126
1450
2030
2078
2016
1829
241
33
92
953
49
735
320
553
1510
1834
466
694
950
1006
1442
1890
262
1466
486
487
639
712
1608
1283
913
880
1071
1103
1926
1915
1952
1025
1558
1997
9
48
137
1182
1335
293
88
384
1874
300
534
