32
81
159
209
231
235
238
265
273
307
400
417
482
530
574
588
597
599
631
657
720
727
739
741
762
778
809
816
841
869
967
976
1012
1101
1119
1126
1284
1293
1324
1345
1356
1359
1384
1433
1450
1488
1493
1498
1499
1507
1509
1512
1641
1710
1730
1786
1800
1803
1862
1872
1890
1912
0
164
369
477
489
722
836
1239
1594
1651
72
119
208
391
402
496
624
673
694
791
847
926
969
972
1138
1140
1142
1210
1253
1321
1368
1369
1523
1598
1622
1631
1666
1723
1755
51
91
156
167
176
232
234
317
340
374
438
508
540
556
647
668
688
885
932
1040
1112
1117
1165
1267
1285
1340
1358
1458
1464
1524
1535
1613
1669
1713
1734
1736
1748
1829
1896
1920
1924
1969
975
1452
1604
1855
305
466
467
1102
1295
1363
1382
1971
919
1160
1962
11
53
756
276
593
775
1237
313
383
389
461
684
792
831
1281
1426
1714
1791
1864
1739
1839
584
601
737
851
1068
1316
1370
1421
1514
1618
1931
1990
891
1606
1764
33
667
835
1107
1310
1319
1461
765
656
1204
1455
1570
1225
1228
1529
1768
149
1943
27
152
197
318
437
510
535
963
997
1024
1059
1233
1311
1397
1784
1930
99
1168
1217
1700
1749
1759
160
408
421
431
1073
1835
1897
1915
280
503
748
914
942
945
1058
689
1171
793
1128
321
366
1038
1637
1900
881
215
217
502
526
550
783
1021
1504
1863
39
70
79
132
252
1127
1153
1162
1416
1505
1573
1605
1857
1937
272
555
711
787
826
984
1090
1154
1798
49
388
609
655
817
1379
1402
1540
538
892
506
547
575
1883
830
1170
1699
309
840
901
620
1778
1846
747
1109
1391
135
522
1099
1664
924
1946
1023
1763
1013
122
233
299
1179
100
947
1124
1693
473
580
803
1046
1227
1251
1463
1760
455
380
1353
1439
1516
1688
226
1211
1496
1575
154
184
347
1238
1873
608
1392
1177
1674
1581
1501
1438
1574
1590
458
1441
1691
3
46
329
336
360
1148
1733
1775
112
36
248
513
541
681
849
960
1754
1810
1882
1980
1374
1807
1307
1550
55
418
1166
1203
1390
1619
1903
1453
130
759
1635
1992
1994
939
406
376
954
1675
1557
77
88
906
751
1427
713
1125
1167
1259
1563
1940
259
454
487
1042
1569
1837
144
1544
1981
990
162
616
771
899
1814
1069
1350
1460
1964
222
84
204
264
419
567
1131
686
691
1612
492
719
1842
361
1393
279
512
1202
311
443
951
568
1696
106
1155
1673
920
1270
1406
1528
1867
66
1097
1389
78
145
225
991
1517
83
237
1219
1530
242
1698
464
1410
1297
263
26
327
1860
978
1616
843
957
735
102
127
649
1484
764
701
1004
1738
1899
64
483
725
1355
1633
1642
1717
94
728
1534
1027
151
359
1552
472
367
724
1183
1538
545
182
529
1371
909
692
1849
497
595
1652
640
766
190
659
801
1258
1732
1830
201
392
1318
1690
177
291
531
544
671
815
1377
1467
844
1164
660
871
1052
736
1352
1724
1206
1003
511
900
1095
606
998
1205
1731
1031
490
1486
1468
250
1419
1408
1448
1977
1007
679
1022
1684
1241
1545
1692
594
20
1192
1933
1485
1876
1632
1902
690
1593
1223
19
1000
520
904
621
1409
1745
687
1479
1617
1338
1905
1401
1215
1176
678
287
1886
1851
1695
398
1367
1686
1500
528
133
723
542
789
755
505
200
1197
285
1951
519
319
800
662
