133
367
533
856
981
1042
1058
1134
1578
1675
1844
1941
2159
2173
2187
2421
2450
2633
2735
2749
2904
2959
3216
3568
3643
3715
3988
4450
4563
4567
4636
4678
5002
5165
5276
5350
5378
6355
6985
7373
7400
113
1236
1326
1787
1999
2033
2247
2264
2376
3294
3497
3532
3649
5214
5425
5743
6289
6779
7248
7926
386
1694
1752
2226
3106
3656
3781
5692
5717
5862
6007
6132
6956
7198
7457
7908
4181
4255
6060
1279
1568
2824
7516
3088
4231
1374
3464
7784
6338
1813
1300
2101
2109
2137
3097
4329
4843
6436
6607
6658
3385
7300
5640
667
3170
3211
5215
5498
6430
7011
243
4095
5742
7033
302
808
1155
3177
900
3173
4031
4283
7870
323
324
1370
2867
4868
6045
7624
532
3048
1858
1059
1930
2379
2966
3043
3044
3137
3440
3859
4015
4475
4574
4605
5882
6092
6495
6691
7465
7797
753
7978
4061
4492
5509
6747
4532
503
3826
7207
7241
725
1356
3466
5316
5880
3175
7641
7791
977
700
2312
2635
5667
6762
898
1093
2706
3355
80
6708
1908
3471
793
2501
4977
673
4901
7995
2267
2840
2863
6130
6433
6439
7792
301
681
1436
1469
1601
3660
4039
4280
4403
4804
6208
5804
2490
6683
3933
3035
1000
6839
6797
94
619
2518
3284
4340
4645
4722
5281
5858
6431
7119
7520
7681
1095
3383
4670
6649
799
2940
511
2627
2814
2865
6935
7301
4459
7962
270
1231
2095
578
745
3147
3516
6021
7987
3720
3925
1283
2020
4070
5125
7165
6112
4549
4668
6852
5726
5937
510
2144
2989
2078
4872
6123
167
1209
5357
2934
7130
7280
7284
1900
3434
7302
381
3680
7157
749
6499
6627
7315
2741
5021
7421
1135
5240
1273
958
956
2438
6224
1421
6953
2295
3458
4988
7201
2936
3686
5511
1169
4271
4940
7268
506
906
1661
336
985
4199
4989
988
5583
5646
3256
4457
4622
949
3551
4697
57
413
913
1723
3545
6090
6159
707
6783
4536
6184
7217
220
475
296
550
680
885
1455
1503
2266
5600
7038
7193
813
5364
4214
4696
1840
4105
4320
6772
2279
3340
4962
187
6782
1664
2474
6216
7923
1955
2689
4720
6323
2365
4585
4873
6387
5981
485
841
2407
5153
1157
2168
2761
6212
7205
7429
641
1561
2088
6784
4570
6202
2234
2854
2903
7663
933
3626
4154
6038
7623
2556
2715
3763
4526
7195
7577
651
1128
2527
7324
1529
5128
1022
4833
5589
2932
6512
444
5034
6686
4084
4628
4660
620
1919
2253
2701
7265
7362
1650
2395
2416
3191
4066
4278
5198
6897
7182
2745
6534
6655
370
1705
2057
5909
617
3064
3886
4608
4995
5829
5974
6420
4496
457
3678
4708
7836
490
1571
2769
5203
7047
2393
2879
3646
2388
2592
2656
6577
3217
5365
6378
6886
7986
6877
7200
1054
2281
6188
6737
2471
3982
6080
6998
567
1916
3605
2677
3183
7831
27
6150
236
2504
3320
349
908
2315
2822
1091
3958
2169
7357
6635
7425
7621
3547
1549
3373
5239
6573
4266
4479
6865
5608
7046
4370
4556
7452
19
2257
2960
5040
1569
5450
1240
5927
7644
2417
1521
2010
3999
3776
3851
4186
1658
3126
5467
6688
953
4991
5584
1177
4933
7560
4827
5748
7848
553
6705
5525
4973
3235
4234
2828
486
569
4551
7607
2899
2451
7617
2485
1383
1924
2728
44
4228
5124
4581
156
894
1230
3779
7568
3672
4398
5315
1142
2509
6535
7880
6059
584
2461
6401
71
446
1435
5121
5674
1927
4858
3878
6365
416
982
7219
5058
3326
5397
6400
6702
7456
489
993
4178
6009
6051
6391
6958
1957
2665
6841
5329
907
4418
6354
2258
3584
7676
2722
5441
5687
7890
7956
6982
218
6032
152
2593
3642
5406
7955
4170
2815
1739
1964
5256
5866
6091
6286
6456
4091
2082
2357
4736
4158
759
1309
3082
4925
5166
5175
5402
6957
6993
7083
7409
7701
2725
7443
4247
752
1918
2292
4229
5683
6819
7371
3821
6416
855
1700
3272
5465
5580
6368
6566
6617
7245
7712
398
404
832
1212
2317
2487
5767
5261
399
647
4230
5698
6357
6517
6527
420
1382
2347
3319
3892
6972
7320
7650
3020
4006
786
3504
6309
7861
516
2162
2419
3473
3786
4794
4984
7796
1261
184
3308
1037
2763
3966
4701
211
6043
6481
3973
2284
2643
7695
7867
390
1100
1454
1378
3382
4879
7873
393
1651
1942
4184
4156
468
470
2121
2489
2759
3356
7363
605
862
1932
2063
2208
3271
3543
4486
6172
7478
3291
3914
4311
122
1477
2119
5596
2190
794
477
3870
6569
971
1121
1338
6832
4267
4686
7790
5774
89
715
7844
914
4555
546
2505
4444
950
1847
5250
227
692
1410
3962
4638
5547
1396
4507
3067
5586
3574
4005
4235
7109
1697
6520
5710
7063
817
2456
2873
3180
4003
4447
5318
2751
6736
7084
7850
646
5702
576
3554
4274
4785
2552
5433
3726
4572
6058
6894
38
1859
5612
6526
215
3792
1538
3936
800
1293
4969
6786
7449
1115
3332
6135
4577
2995
6390
7012
7179
5418
1904
4104
465
541
1208
2954
3171
3300
3376
4387
5759
3154
1702
3739
6065
4279
100
2436
5182
2293
327
627
1828
7918
2079
2925
5340
6979
126
162
649
2647
2669
2736
2773
763
5098
5530
7693
6028
1494
5644
7564
7290
867
3481
5977
3156
67
1398
1649
1869
5157
5745
5951
6966
129
7846
4307
5815
357
1330
1949
5806
5966
6243
6808
7174
2558
3518
1511
3264
5148
7656
4002
272
3260
5798
3286
5291
6145
424
5132
5916
2243
5469
7840
1556
4162
1381
5480
7093
811
4854
6684
6870
7072
5372
6882
820
1605
6554
1026
1504
3764
4253
5337
5795
4021
4295
3360
7202
1159
2803
6125
7552
6266
6932
3414
2524
2603
5739
7036
91
1952
4717
3368
4603
2237
2286
36
6422
1709
2732
5499
5962
6716
7473
263
704
2642
3341
3941
4036
4985
5442
5773
7898
4861
276
4221
1895
1570
2614
3498
3748
4806
6605
1111
1874
2699
2753
4914
5476
5550
944
1925
2332
4462
5956
688
3542
6425
7696
7884
798
1783
2535
4381
1513
2664
4913
5434
7953
507
678
2739
3349
5715
6997
7776
43
4240
698
2554
7393
1763
2177
5111
6389
4562
670
5650
6548
6771
7975
579
1866
2784
4860
2499
3128
6559
4409
4604
6106
6616
7331
7780
6321
4538
4700
7565
5459
1220
2624
7095
3632
4624
4663
5066
5227
6664
7781
5690
1576
5141
5001
3090
7548
3628
3176
3482
4144
7112
2181
5247
5788
2080
1062
1106
1328
3521
4108
5161
5354
5167
3905
1920
2236
6325
2586
5455
6764
2778
3129
3193
3230
5496
758
7546
199
783
5209
369
2185
2343
2750
4908
5526
6489
7049
7925
3592
1312
7578
2503
6777
4148
3424
526
1008
1710
3254
3315
3963
4800
5601
6341
3322
4164
5184
6434
3001
6144
3277
7513
973
1084
2581
3014
3118
4842
4564
5623
6595
7206
7323
6347
1765
2214
5390
5821
6301
213
4980
5116
5534
5696
5850
6742
7029
7187
2980
3258
3523
4753
4871
6661
2172
3098
4032
4422
5016
5675
7360
293
771
1085
1206
2921
4115
5067
1527
3947
5069
6143
7015
2942
6805
245
3070
7032
3778
6088
7528
4657
4855
6423
7767
2304
5112
1345
4909
6551
5859
2596
7699
5008
6370
7990
7222
2074
3876
7306
5174
967
5284
6052
1781
2363
5429
7350
7453
4182
4358
6681
1594
7172
4394
5026
6462
118
3232
851
4499
5235
901
1914
2001
6479
2370
2926
5059
5544
4591
3239
7352
7737
7057
2342
4379
5075
7289
1467
4779
7787
6888
565
2517
4588
5042
635
741
5578
6731
6775
1868
1204
3151
6463
3803
6223
7076
6047
6648
7273
5594
3556
4593
5356
4970
241
6572
2469
2708
7045
7826
4478
4531
7949
1038
5347
5775
255
2972
3021
1098
4239
4141
6904
7555
833
5520
7069
3863
3222
1977
4122
5468
4155
4109
6046
2693
2970
4884
7258
312
4054
4687
7951
577
2042
1679
1706
7463
5769
7472
3759
4832
5801
6798
1800
3491
3709
4707
6821
7347
560
2420
4998
6464
7022
990
4740
1654
995
2523
7958
46
1282
4157
253
984
1712
4316
5888
7685
1638
4967
2845
1377
3133
3159
2831
2044
2574
2714
6562
6733
7529
7659
3194
2030
5867
7591
203
1151
6604
4293
4018
4137
4579
523
5030
6017
3337
7450
7947
1077
4438
221
5941
7576
709
3327
5831
5943
1717
3609
887
3479
6898
1833
1183
4746
5931
7882
1463
3827
4210
2216
2330
4442
6209
421
478
2857
5099
695
3940
1097
3844
61
723
3296
3985
4594
5304
1807
3594
7710
6026
3224
7852
2354
6179
6451
107
911
6074
1334
2153
3667
6067
2015
7341
3561
6630
7633
4454
4978
6633
7230
479
2536
5770
2341
495
1526
7845
2396
2609
2897
7883
3885
1373
2005
400
6326
1127
4467
6241
1404
5339
2352
4332
5750
6262
6695
219
1456
1770
4904
1171
1466
2588
5451
5333
6646
1592
5985
5686
143
1320
1761
4386
4489
4215
1335
5290
1347
4094
5305
542
1449
3463
3976
499
2256
3335
4190
6609
7937
1228
3730
7338
1825
3670
3799
6758
1310
3047
6276
2210
5212
141
3701
4067
4522
7070
4943
5768
6834
7535
2864
26
806
1978
2478
3307
3854
5362
6813
4601
3617
4547
1385
1267
735
6656
3619
225
2149
5551
3179
5528
2826
6302
6115
7477
4043
7835
