126
292
343
444
456
517
561
590
591
672
934
981
1008
1092
1260
1315
1375
1413
1435
1445
1711
1790
1848
1888
1989
1
104
155
244
256
277
295
338
468
1082
1174
1196
1226
1326
1333
1447
1491
1515
1521
1757
1856
1929
98
124
142
308
334
427
460
704
825
876
950
974
1150
1207
1662
1718
1901
1911
1952
1988
452
1006
1348
1740
1910
312
457
600
829
1342
1927
693
44
228
651
714
887
977
989
1123
1248
1793
1821
1825
685
268
842
476
171
428
1049
1180
50
1564
350
356
471
698
731
875
1149
1185
1490
1592
1973
385
1554
1779
38
42
123
918
1047
1120
1536
1941
227
251
537
706
834
966
1230
1296
1743
203
499
582
993
1476
354
518
223
357
987
1188
1599
202
1473
1547
585
1193
1843
230
246
337
882
930
1269
1278
1833
1970
143
814
828
915
1361
1430
1701
1722
1841
985
1056
86
1257
1341
125
663
1482
434
1010
1704
565
971
1309
219
1292
1083
169
1907
1831
109
422
116
928
654
1744
54
1053
1508
1762
1926
21
805
1950
18
569
1104
1506
60
700
1919
241
8
870
1801
1898
346
532
1060
14
349
812
409
283
465
586
618
1146
1208
1457
1601
1628
797
1094
852
1466
310
922
1852
1362
753
949
958
1656
1914
872
1224
1978
1659
1172
1403
1922
1425
1913
450
1709
339
1884
13
387
774
982
634
1481
1065
236
1681
1750
1456
917
1084
1274
1614
1770
1879
941
425
551
743
1866
1001
1758
1055
1242
1767
1629
405
576
916
498
147
220
895
1956
433
424
118
411
1086
1975
1735
986
1639
404
546
955
1079
1301
117
879
1533
784
1380
1773
709
9
1129
1186
1291
1415
1694
1961
509
1288
1519
1213
564
889
1199
1386
1132
767
262
413
908
1840
1331
1454
968
1373
744
625
1795
328
865
745
1451
1470
82
1020
790
573
1672
602
1816
1181
1276
270
628
1312
629
45
1683
1728
304
1263
1412
224
372
1302
995
1002
1887
1560
284
1537
1103
1115
1892
1954
562
1492
860
533
524
785
1582
1303
