282
1105
1237
1276
1341
1544
1814
2514
2681
2796
2836
2979
3200
4087
4426
4516
4652
4799
4945
5314
5344
5577
5722
5996
6362
7194
7549
731
2158
2248
2782
3004
3741
4093
4396
4441
4458
4464
4504
4764
4934
4956
5786
6504
6735
6867
7385
7426
7446
7468
7684
262
676
1107
2075
7094
249
298
508
691
929
1258
1896
2760
3057
3838
5131
5423
5563
6071
6118
6328
6581
6833
7061
7105
7286
7614
7627
7
750
1434
1824
4038
4103
5503
5975
7278
1271
1948
6164
6780
250
1219
2631
3448
7328
952
4325
7283
2000
5039
151
3829
7496
7886
756
1144
1677
2325
3314
7056
7116
299
792
850
1068
1317
1389
2104
3087
3334
4205
5367
6015
6602
7992
2385
3219
630
1234
1476
2039
5662
5776
6753
7563
7959
779
6908
1912
382
4309
340
582
829
2823
6727
419
690
2849
4502
6178
6225
79
460
497
637
718
1082
1832
3306
3403
4050
4539
6218
6729
7197
7343
5607
6168
4862
3813
1281
2055
4169
502
1501
3201
3221
7252
7435
1201
6802
7766
1343
2077
2367
2557
3552
4757
6657
6873
7305
7511
679
998
3603
931
3562
4679
2117
3812
4836
7927
697
3344
4404
3833
4695
5863
7683
7085
561
2136
3431
6544
644
5020
4824
1743
2944
5514
259
212
3496
4301
4650
6131
6858
4724
3616
4924
7752
2723
7417
3893
4153
5654
845
1804
2127
7458
1015
3599
6763
85
1173
3638
6666
6673
6960
7162
607
7611
2200
889
1854
1865
4284
4673
7040
7632
4100
7487
2684
2765
182
1176
1406
2298
3571
4748
7092
7508
2435
3984
6624
6725
7026
4598
5691
3478
5771
6996
2512
4568
6153
6785
6847
7375
7497
790
7021
3316
5086
5138
7233
7580
3411
2483
7188
1899
3026
106
1125
1164
3013
3329
4835
5037
6524
7668
1049
7715
5470
6020
677
4176
6404
6900
2348
1367
1555
5700
4263
7823
4027
4355
6096
4124
1123
1983
2928
4420
5794
3321
6703
7585
3302
1250
2771
6741
580
1633
1882
2590
986
874
1064
3452
599
814
3237
4765
2819
3312
1590
1172
2174
5090
5149
6187
2260
6257
568
717
2630
2922
3855
5906
6709
6744
7601
596
2649
3247
4965
6714
4470
7686
3354
5797
1714
3359
5029
5190
5869
1923
210
1817
4621
7570
441
1429
1774
2788
6388
7858
3727
86
337
999
2446
3095
4337
1779
1943
3553
4466
5310
2697
890
2795
5677
6829
7595
7980
6174
1232
5727
6795
7731
1793
7392
2639
3003
965
2124
3955
5945
7543
2322
3645
5274
3428
5249
1340
1405
1254
4172
5342
103
643
962
1756
4840
5668
7727
7931
812
1046
2285
6469
7900
1653
2239
3734
4828
6025
6384
6501
3679
4321
6360
4126
5929
6838
6883
7365
3469
4512
4004
540
3012
6181
260
414
2841
5374
5940
5982
6981
7526
2798
7082
7211
7628
3495
7761
4285
498
740
41
356
941
2668
2852
3077
4541
4677
6011
2493
6133
1245
5173
140
2812
5150
1810
456
319
3952
4811
7694
4257
105
1418
1805
3195
608
6816
1355
3132
3923
7330
1850
4432
5847
5988
6039
7586
2997
4380
7916
42
1719
3227
3573
3772
1634
7985
4391
7210
3744
6110
1533
2931
6531
1557
4614
5762
5904
6377
7809
3109
4400
6486
7043
3261
1170
601
5713
2275
2310
1339
1493
4615
7295
3036
3711
5033
6770
2012
3279
7667
2319
5035
3965
4456
5474
5808
1156
5955
21
2671
2943
3444
452
2679
3850
4692
5300
7709
7770
313
4147
6872
7491
545
3630
6024
3809
2235
2891
6912
2422
131
1021
5763
6928
7111
1656
3220
3907
3835
6166
3457
7062
3418
521
6408
4026
7296
3427
5326
23
899
4503
4735
5854
5351
5466
6247
6846
1131
6987
7066
7386
1772
1060
504
7359
1468
4048
3713
1472
3007
2832
2269
5287
6359
2017
2933
4402
5257
919
1465
3114
2205
1099
5440
1375
3689
5482
7804
1387
2034
265
6885
7609
2085
2165
3399
4582
4769
5572
6472
7512
2333
3462
1255
3161
4790
5204
4698
7665
1446
1867
4363
4883
6367
600
1791
3724
7723
505
1452
5543
7460
4330
3338
7340
2829
5246
234
3587
101
261
721
1566
2349
4891
5395
6342
6511
7310
341
1727
5999
7267
6911
629
3934
3083
4078
5396
5876
440
6978
2786
4216
7269
7554
2147
4314
6760
31
6598
6564
2511
3318
583
2988
4291
710
809
2135
2993
4290
4376
5924
934
1950
2881
3085
4111
4412
7610
16
2337
2946
3524
4421
3351
6161
1851
5297
7888
4449
2043
686
2026
6258
6417
7999
615
1986
2632
2978
5443
738
2680
5393
7527
7657
1523
4319
4737
5017
6936
7374
2945
4336
5720
7311
2197
5537
2463
5323
6339
28
278
3223
3397
1090
1495
7811
2766
271
2263
5963
3714
1660
1528
2166
780
3708
7655
6167
228
2115
4659
5194
3018
4784
6121
7099
7166
5695
6296
2709
4963
4788
2106
3120
7304
2180
3027
5756
6811
3451
6962
139
3614
6274
65
4069
5312
1005
1624
1678
2976
5024
5569
6608
6476
4898
4912
4915
1707
3987
4303
4917
3705
1635
6895
3790
344
2272
4693
3207
4204
5524
5816
6533
6696
7974
1349
4473
4763
5828
772
7337
1188
121
915
3732
5119
5414
5457
6297
6426
7414
7437
6353
2847
3980
6226
6594
1715
6651
3125
5077
5178
1789
4081
6446
3274
7747
7145
3192
7148
2103
2220
2655
1117
1966
7327
406
575
711
3246
4151
4543
6711
4747
7906
2217
6042
2868
3387
5398
3127
4728
5070
6945
7064
7505
7756
2973
4888
6306
7745
3304
3527
4669
5651
5892
1784
1972
2658
3589
3636
4209
4983
5475
3612
5642
7584
1213
1391
1981
5325
6748
1546
2406
2712
5701
1110
1136
6634
4685
6848
7582
7735
2397
24
4264
5048
6269
7436
2299
2565
4525
947
1292
1233
6453
6995
2705
2740
2839
3760
3775
4079
5265
5282
5293
7292
7828
739
2120
976
1210
2434
7885
2918
5555
7454
4022
4955
1076
1695
2399
3244
6650
7427
4647
2547
5348
3572
4023
4856
7098
7420
1614
1088
2608
4092
4448
5529
6493
1607
3287
3843
5286
6701
7034
2196
1531
2362
4927
4110
1395
4664
4808
6412
430
1014
2072
4372
4408
6219
5877
7933
1299
330
1023
1051
4227
4589
7654
654
926
1733
2307
4360
4529
7664
1681
3019
6488
134
3669
6582
6974
7168
136
2152
3273
254
7382
3435
1211
3149
5100
7253
614
4732
2636
7113
7369
6271
1875
5142
7173
7704
7231
7841
3620
3749
7635
2670
1543
1585
1689
2468
2577
3140
3150
5183
5552
5907
5984
7322
7492
564
1401
2268
2621
1461
5610
